4,180
6,220
2,140
3,160
5,200
1,120
1.5,130
4.5,190
5.5,210
6,220
4,180
6,220
2,140
3,160
5,200
1,120
1.5,130
4.5,190
5.5,210
4,180
6,220
2,140
3,160
5,200
1,120
1.5,130
4.5,190
5.5,210
4,180
6,220
2,140
3,160
5,200
1,120
1.5,130
4.5,190
5.5,210